122129406
23525398
281502831
405956028
265162707
741124245
82636723
116542055
185665418
145357532
269539705
106770218
115810626
117586280
216062299
55859471
464199043
674567416
417818256
200235842
350805362
663826994
249356090
306521972
8773474
425809870
544652109
416251482
519193865
422682546
555476819
262019564
821934714
588497214
460522527
385897437
333906011
14136713
478754860
145371959
120289947
93060069
739548684
499043588
537798717
332932745
469453731
755555371
239799957
857020186
87501244
502579183
388484637
85042925
657986160
387228584
769866415
71846871
465233083
592129096
171623012
99804791
233162218
446705294
759315602
232803830
102376757
309963055
226892541
20678068
534807936
181675979
113791493
122228525
431091984
86082218
73257991
12731011
354974716
548914327
383319296
256275569
909884003
236671646
155050214
290894843
426512254
835545460
995778001
55891557
22230414
42655476
510360032
1153181
98497256
882838367
277962239
499999999
1
0
